9  0  2  3  8  1  6  4  5  7  


1  0  2  3  5  4  13  6  7  9  8  10  11  15  12  17  14  18  16  19  


16  2  3  0  1  4  5  6  7  8  11  19  10  13  9  14  20  12  15  17  18  21  23  22  24  29  26  25  27  28  


17  1  2  0  4  3  5  6  8  9  7  11  14  13  10  15  12  19  16  21  18  29  20  25  22  24  26  23  27  28  32  30  31  33  35  34  36  37  39  38  


33  2  0  1  3  6  4  5  7  8  11  9  10  12  13  14  15  18  23  20  16  17  21  19  24  22  25  29  27  26  28  30  31  32  34  35  36  40  37  41  39  38  42  43  44  45  46  48  49  47  


0  3  1  6  2  4  10  5  8  9  7  17  15  13  11  14  19  16  12  18  21  23  25  20  24  22  26  27  28  30  33  31  32  36  29  34  38  35  37  40  39  41  42  46  47  44  43  48  45  53  52  49  54  51  55  57  56  50  58  59  


62  1  0  2  3  4  6  7  9  5  8  10  11  13  12  20  16  25  18  14  17  21  22  19  15  23  24  26  28  27  29  30  31  38  32  33  34  36  43  37  44  35  41  48  39  40  46  42  45  47  53  49  50  52  51  54  55  56  59  57  60  58  61  63  64  66  65  68  67  69  


12  2  1  7  0  5  3  4  8  11  6  14  9  13  16  10  15  21  17  18  19  23  22  26  20  24  28  25  30  27  31  29  33  32  34  36  37  42  35  43  40  38  39  41  45  47  46  49  44  50  48  51  54  56  52  58  55  53  57  59  62  63  65  61  60  64  66  68  67  69  70  71  74  76  73  77  75  78  72  79  


28  1  2  0  4  3  5  6  7  10  9  8  11  13  14  15  12  17  16  20  18  21  19  23  25  22  24  26  30  29  27  31  32  34  33  36  37  38  40  35  39  42  43  41  44  46  45  47  48  49  50  52  53  51  54  63  57  55  56  59  58  60  61  62  65  64  66  67  72  70  68  69  73  71  77  78  80  74  79  82  76  75  83  81  84  89  86  88  87  85  


77  0  4  1  2  3  7  6  5  10  9  18  8  13  11  16  12  15  14  17  22  20  24  23  19  26  21  27  25  28  29  30  31  32  35  34  36  38  37  33  40  43  39  44  42  41  45  46  49  51  47  48  50  55  53  57  52  54  56  58  59  60  63  62  61  64  65  67  66  69  70  72  71  68  74  75  76  78  79  73  80  83  82  84  86  87  85  93  89  88  81  90  91  92  99  94  97  95  98  96  


